0.000	30.000	1.571	0.000	-0.949	-0.861	-12.247	-12.247
0.011	29.992	1.571	-0.000	-0.949	-0.861	-12.247	-12.247
0.032	29.977	1.570	-0.000	-0.949	-0.860	-12.247	-12.247
0.053	29.961	1.570	-0.001	-0.949	-0.860	-12.247	-12.247
0.074	29.946	1.570	-0.001	-0.949	-0.860	-12.247	-12.247
0.095	29.930	1.570	-0.001	-0.949	-0.860	-12.247	-12.247
0.116	29.915	1.569	-0.002	-0.949	-0.860	-12.247	-12.247
0.137	29.899	1.569	-0.002	-0.949	-0.860	-12.247	-12.247
0.158	29.884	1.569	-0.002	-0.949	-0.859	-12.247	-12.247
0.179	29.868	1.568	-0.002	-0.949	-0.859	-12.247	-12.247
0.200	29.853	1.568	-0.003	-0.949	-0.859	-12.247	-12.247
0.221	29.838	1.568	-0.003	-0.949	-0.859	-12.247	-12.247
0.243	29.822	1.568	-0.003	-0.949	-0.859	-12.247	-12.247
0.264	29.807	1.567	-0.003	-0.949	-0.859	-12.247	-12.247
0.285	29.791	1.567	-0.004	-0.949	-0.858	-12.247	-12.247
0.306	29.776	1.567	-0.004	-0.949	-0.858	-12.247	-12.247
0.327	29.760	1.567	-0.004	-0.949	-0.858	-12.247	-12.247
0.348	29.745	1.566	-0.005	-0.949	-0.858	-12.247	-12.247
0.369	29.729	1.566	-0.005	-0.949	-0.858	-12.247	-12.247
0.390	29.714	1.566	-0.005	-0.949	-0.858	-12.247	-12.247
0.411	29.699	1.565	-0.005	-0.949	-0.857	-12.247	-12.247
0.432	29.683	1.565	-0.006	-0.949	-0.857	-12.247	-12.247
0.454	29.668	1.565	-0.006	-0.949	-0.857	-12.247	-12.247
0.475	29.652	1.565	-0.006	-0.949	-0.857	-12.247	-12.247
0.496	29.637	1.564	-0.006	-0.949	-0.857	-12.247	-12.247
0.517	29.622	1.564	-0.007	-0.949	-0.857	-12.247	-12.247
0.538	29.606	1.564	-0.007	-0.949	-0.856	-12.247	-12.247
0.559	29.591	1.563	-0.007	-0.949	-0.856	-12.247	-12.247
0.580	29.575	1.563	-0.008	-0.949	-0.856	-12.247	-12.247
0.601	29.560	1.563	-0.008	-0.949	-0.856	-12.247	-12.247
0.622	29.545	1.563	-0.008	-0.949	-0.856	-12.247	-12.247
0.644	29.529	1.562	-0.008	-0.949	-0.856	-12.247	-12.247
0.665	29.514	1.562	-0.009	-0.949	-0.855	-12.247	-12.247
0.686	29.499	1.562	-0.009	-0.949	-0.855	-12.247	-12.247
0.707	29.483	1.562	-0.009	-0.949	-0.855	-12.247	-12.247
0.728	29.468	1.561	-0.010	-0.949	-0.855	-12.247	-12.247
0.749	29.452	1.561	-0.010	-0.949	-0.855	-12.247	-12.247
0.770	29.437	1.561	-0.010	-0.949	-0.855	-12.247	-12.247
0.791	29.422	1.560	-0.010	-0.949	-0.854	-12.247	-12.247
0.813	29.406	1.560	-0.011	-0.949	-0.854	-12.247	-12.247
0.834	29.391	1.560	-0.011	-0.949	-0.854	-12.247	-12.247
0.855	29.376	1.560	-0.011	-0.949	-0.854	-12.247	-12.247
0.876	29.360	1.559	-0.012	-0.949	-0.854	-12.247	-12.247
0.897	29.345	1.559	-0.012	-0.949	-0.854	-12.247	-12.247
0.918	29.330	1.559	-0.012	-0.949	-0.853	-12.247	-12.247
0.939	29.314	1.558	-0.012	-0.949	-0.853	-12.247	-12.247
0.960	29.299	1.558	-0.013	-0.949	-0.853	-12.246	-12.247
0.982	29.284	1.558	-0.013	-0.949	-0.853	-12.246	-12.247
1.003	29.268	1.558	-0.013	-0.949	-0.853	-12.246	-12.247
1.024	29.253	1.557	-0.014	-0.949	-0.853	-12.246	-12.247
1.045	29.238	1.557	-0.014	-0.949	-0.852	-12.246	-12.247
1.066	29.223	1.557	-0.014	-0.949	-0.852	-12.246	-12.247
1.087	29.207	1.556	-0.014	-0.949	-0.852	-12.246	-12.247
1.108	29.192	1.556	-0.015	-0.949	-0.852	-12.246	-12.247
1.130	29.177	1.556	-0.015	-0.949	-0.852	-12.246	-12.247
1.151	29.161	1.556	-0.015	-0.949	-0.851	-12.246	-12.247
1.172	29.146	1.555	-0.016	-0.949	-0.851	-12.246	-12.247
1.193	29.131	1.555	-0.016	-0.949	-0.851	-12.246	-12.247
1.214	29.116	1.555	-0.016	-0.949	-0.851	-12.246	-12.247
1.235	29.100	1.554	-0.016	-0.949	-0.851	-12.246	-12.247
1.257	29.085	1.554	-0.017	-0.949	-0.851	-12.246	-12.247
1.278	29.070	1.554	-0.017	-0.949	-0.850	-12.246	-12.247
1.299	29.055	1.554	-0.017	-0.949	-0.850	-12.246	-12.247
1.320	29.039	1.553	-0.018	-0.949	-0.850	-12.246	-12.247
1.341	29.024	1.553	-0.018	-0.949	-0.850	-12.245	-12.247
1.362	29.009	1.553	-0.018	-0.949	-0.850	-12.245	-12.247
1.384	28.994	1.552	-0.018	-0.949	-0.850	-12.245	-12.247
1.405	28.978	1.552	-0.019	-0.949	-0.849	-12.245	-12.247
1.426	28.963	1.552	-0.019	-0.949	-0.849	-12.245	-12.247
1.447	28.948	1.551	-0.019	-0.949	-0.849	-12.245	-12.247
1.468	28.933	1.551	-0.020	-0.949	-0.849	-12.245	-12.247
1.489	28.918	1.551	-0.020	-0.949	-0.849	-12.245	-12.247
1.511	28.902	1.551	-0.020	-0.949	-0.848	-12.245	-12.247
1.532	28.887	1.550	-0.020	-0.949	-0.848	-12.245	-12.247
1.553	28.872	1.550	-0.021	-0.949	-0.848	-12.245	-12.247
1.574	28.857	1.550	-0.021	-0.949	-0.848	-12.245	-12.247
1.595	28.842	1.549	-0.021	-0.949	-0.848	-12.245	-12.247
1.616	28.826	1.549	-0.022	-0.949	-0.848	-12.245	-12.247
1.638	28.811	1.549	-0.022	-0.949	-0.847	-12.244	-12.247
1.659	28.796	1.549	-0.022	-0.949	-0.847	-12.244	-12.247
1.680	28.781	1.548	-0.023	-0.949	-0.847	-12.244	-12.247
1.701	28.766	1.548	-0.023	-0.949	-0.847	-12.244	-12.247
1.722	28.750	1.548	-0.023	-0.949	-0.847	-12.244	-12.247
1.743	28.735	1.547	-0.023	-0.949	-0.846	-12.244	-12.247
1.765	28.720	1.547	-0.024	-0.949	-0.846	-12.244	-12.247
1.786	28.705	1.547	-0.024	-0.949	-0.846	-12.244	-12.247
1.807	28.690	1.546	-0.024	-0.949	-0.846	-12.244	-12.247
1.828	28.675	1.546	-0.025	-0.949	-0.846	-12.244	-12.247
1.849	28.660	1.546	-0.025	-0.949	-0.845	-12.244	-12.247
1.871	28.644	1.546	-0.025	-0.949	-0.845	-12.244	-12.247
1.892	28.629	1.545	-0.026	-0.949	-0.845	-12.243	-12.247
1.913	28.614	1.545	-0.026	-0.949	-0.845	-12.243	-12.247
1.934	28.599	1.545	-0.026	-0.949	-0.845	-12.243	-12.247
1.955	28.584	1.544	-0.026	-0.949	-0.845	-12.243	-12.247
1.977	28.569	1.544	-0.027	-0.949	-0.844	-12.243	-12.247
1.998	28.554	1.544	-0.027	-0.949	-0.844	-12.243	-12.247
2.019	28.539	1.543	-0.027	-0.949	-0.844	-12.243	-12.247
2.040	28.523	1.543	-0.028	-0.949	-0.844	-12.243	-12.247
2.061	28.508	1.543	-0.028	-0.949	-0.844	-12.243	-12.247
2.083	28.493	1.543	-0.028	-0.949	-0.843	-12.243	-12.247
2.104	28.478	1.542	-0.029	-0.949	-0.843	-12.242	-12.247
2.125	28.463	1.542	-0.029	-0.949	-0.843	-12.242	-12.247
2.146	28.448	1.542	-0.029	-0.949	-0.843	-12.242	-12.247
2.167	28.433	1.541	-0.029	-0.949	-0.843	-12.242	-12.247
2.189	28.418	1.541	-0.030	-0.949	-0.842	-12.242	-12.247
2.210	28.403	1.541	-0.030	-0.949	-0.842	-12.242	-12.247
2.231	28.388	1.540	-0.030	-0.949	-0.842	-12.242	-12.247
2.252	28.373	1.540	-0.031	-0.949	-0.842	-12.242	-12.247
2.274	28.358	1.540	-0.031	-0.949	-0.842	-12.242	-12.247
2.295	28.343	1.540	-0.031	-0.949	-0.841	-12.241	-12.247
2.316	28.328	1.539	-0.032	-0.949	-0.841	-12.241	-12.247
2.337	28.313	1.539	-0.032	-0.949	-0.841	-12.241	-12.247
2.358	28.297	1.539	-0.032	-0.949	-0.841	-12.241	-12.247
2.380	28.282	1.538	-0.032	-0.949	-0.841	-12.241	-12.247
2.401	28.267	1.538	-0.033	-0.949	-0.840	-12.241	-12.247
2.422	28.252	1.538	-0.033	-0.949	-0.840	-12.241	-12.247
2.443	28.237	1.537	-0.033	-0.949	-0.840	-12.241	-12.247
2.465	28.222	1.537	-0.034	-0.949	-0.840	-12.240	-12.247
2.486	28.207	1.537	-0.034	-0.949	-0.840	-12.240	-12.247
2.507	28.192	1.536	-0.034	-0.949	-0.839	-12.240	-12.247
2.528	28.177	1.536	-0.035	-0.949	-0.839	-12.240	-12.247
2.549	28.162	1.536	-0.035	-0.949	-0.839	-12.240	-12.247
2.571	28.147	1.536	-0.035	-0.949	-0.839	-12.240	-12.247
2.592	28.132	1.535	-0.036	-0.949	-0.839	-12.240	-12.247
2.613	28.117	1.535	-0.036	-0.949	-0.838	-12.240	-12.247
2.634	28.102	1.535	-0.036	-0.949	-0.838	-12.239	-12.247
2.656	28.087	1.534	-0.037	-0.949	-0.838	-12.239	-12.247
2.677	28.072	1.534	-0.037	-0.949	-0.838	-12.239	-12.247
2.698	28.057	1.534	-0.037	-0.949	-0.838	-12.239	-12.247
2.719	28.043	1.533	-0.037	-0.949	-0.837	-12.239	-12.247
2.741	28.028	1.533	-0.038	-0.949	-0.837	-12.239	-12.247
2.762	28.013	1.533	-0.038	-0.949	-0.837	-12.239	-12.247
2.783	27.998	1.532	-0.038	-0.949	-0.837	-12.238	-12.247
2.804	27.983	1.532	-0.039	-0.949	-0.837	-12.238	-12.247
2.826	27.968	1.532	-0.039	-0.949	-0.836	-12.238	-12.247
2.847	27.953	1.532	-0.039	-0.949	-0.836	-12.238	-12.247
2.868	27.938	1.531	-0.040	-0.949	-0.836	-12.238	-12.247
2.889	27.923	1.531	-0.040	-0.949	-0.836	-12.238	-12.247
2.911	27.908	1.531	-0.040	-0.949	-0.836	-12.238	-12.247
2.932	27.893	1.530	-0.041	-0.949	-0.835	-12.237	-12.247
2.953	27.878	1.530	-0.041	-0.949	-0.835	-12.237	-12.247
2.974	27.863	1.530	-0.041	-0.949	-0.835	-12.237	-12.247
2.996	27.848	1.529	-0.042	-0.949	-0.835	-12.237	-12.247
3.017	27.834	1.529	-0.042	-0.949	-0.835	-12.237	-12.247
3.038	27.819	1.529	-0.042	-0.949	-0.834	-12.237	-12.247
3.060	27.804	1.528	-0.042	-0.949	-0.834	-12.236	-12.247
3.081	27.789	1.528	-0.043	-0.949	-0.834	-12.236	-12.247
3.102	27.774	1.528	-0.043	-0.949	-0.834	-12.236	-12.247
3.123	27.759	1.527	-0.043	-0.949	-0.834	-12.236	-12.247
3.145	27.744	1.527	-0.044	-0.949	-0.833	-12.236	-12.247
3.166	27.729	1.527	-0.044	-0.949	-0.833	-12.236	-12.247
3.187	27.715	1.526	-0.044	-0.949	-0.833	-12.235	-12.247
3.208	27.700	1.526	-0.045	-0.949	-0.833	-12.235	-12.247
3.230	27.685	1.526	-0.045	-0.949	-0.833	-12.235	-12.247
3.251	27.670	1.525	-0.045	-0.949	-0.832	-12.235	-12.247
3.272	27.655	1.525	-0.046	-0.949	-0.832	-12.235	-12.247
3.294	27.640	1.525	-0.046	-0.949	-0.832	-12.234	-12.247
3.315	27.626	1.525	-0.046	-0.949	-0.832	-12.234	-12.247
3.336	27.611	1.524	-0.047	-0.949	-0.831	-12.234	-12.247
3.357	27.596	1.524	-0.047	-0.949	-0.831	-12.234	-12.247
3.379	27.581	1.524	-0.047	-0.949	-0.831	-12.234	-12.247
3.400	27.566	1.523	-0.048	-0.949	-0.831	-12.234	-12.247
3.421	27.551	1.523	-0.048	-0.949	-0.831	-12.233	-12.247
3.443	27.537	1.523	-0.048	-0.949	-0.830	-12.233	-12.247
3.464	27.522	1.522	-0.049	-0.949	-0.830	-12.233	-12.247
3.485	27.507	1.522	-0.049	-0.949	-0.830	-12.233	-12.247
3.506	27.492	1.522	-0.049	-0.949	-0.830	-12.233	-12.247
3.528	27.478	1.521	-0.050	-0.949	-0.830	-12.232	-12.247
3.549	27.463	1.521	-0.050	-0.949	-0.829	-12.232	-12.247
3.570	27.448	1.521	-0.050	-0.949	-0.829	-12.232	-12.247
3.592	27.433	1.520	-0.051	-0.949	-0.829	-12.232	-12.247
3.613	27.418	1.520	-0.051	-0.949	-0.829	-12.232	-12.247
3.634	27.404	1.520	-0.051	-0.949	-0.828	-12.231	-12.247
3.656	27.389	1.519	-0.052	-0.949	-0.828	-12.231	-12.247
3.677	27.374	1.519	-0.052	-0.949	-0.828	-12.231	-12.247
3.698	27.359	1.519	-0.052	-0.949	-0.828	-12.231	-12.247
3.720	27.345	1.518	-0.052	-0.949	-0.828	-12.231	-12.247
3.741	27.330	1.518	-0.053	-0.949	-0.827	-12.230	-12.247
3.762	27.315	1.518	-0.053	-0.949	-0.827	-12.230	-12.247
3.783	27.301	1.517	-0.053	-0.949	-0.827	-12.230	-12.247
3.805	27.286	1.517	-0.054	-0.949	-0.827	-12.230	-12.247
3.826	27.271	1.517	-0.054	-0.949	-0.826	-12.230	-12.247
3.847	27.256	1.516	-0.054	-0.949	-0.826	-12.229	-12.247
3.869	27.242	1.516	-0.055	-0.949	-0.826	-12.229	-12.247
3.890	27.227	1.516	-0.055	-0.949	-0.826	-12.229	-12.247
3.911	27.212	1.515	-0.055	-0.949	-0.826	-12.229	-12.247
3.933	27.198	1.515	-0.056	-0.949	-0.825	-12.228	-12.247
3.954	27.183	1.515	-0.056	-0.949	-0.825	-12.228	-12.247
3.975	27.168	1.514	-0.056	-0.949	-0.825	-12.228	-12.247
3.997	27.154	1.514	-0.057	-0.949	-0.825	-12.228	-12.247
4.018	27.139	1.514	-0.057	-0.949	-0.824	-12.227	-12.247
4.039	27.124	1.513	-0.057	-0.949	-0.824	-12.227	-12.247
4.061	27.110	1.513	-0.058	-0.949	-0.824	-12.227	-12.247
4.082	27.095	1.513	-0.058	-0.949	-0.824	-12.227	-12.247
4.103	27.080	1.512	-0.058	-0.949	-0.824	-12.227	-12.247
4.125	27.066	1.512	-0.059	-0.949	-0.823	-12.226	-12.247
4.146	27.051	1.512	-0.059	-0.949	-0.823	-12.226	-12.247
4.167	27.036	1.511	-0.059	-0.949	-0.823	-12.226	-12.247
4.189	27.022	1.511	-0.060	-0.949	-0.823	-12.226	-12.247
4.210	27.007	1.511	-0.060	-0.949	-0.822	-12.225	-12.247
4.231	26.992	1.510	-0.060	-0.949	-0.822	-12.225	-12.247
4.253	26.978	1.510	-0.061	-0.949	-0.822	-12.225	-12.247
4.274	26.963	1.510	-0.061	-0.949	-0.822	-12.225	-12.247
4.295	26.949	1.509	-0.061	-0.949	-0.821	-12.224	-12.247
4.317	26.934	1.509	-0.062	-0.949	-0.821	-12.224	-12.247
4.338	26.919	1.509	-0.062	-0.949	-0.821	-12.224	-12.247
4.360	26.905	1.508	-0.063	-0.949	-0.821	-12.224	-12.247
4.381	26.890	1.508	-0.063	-0.949	-0.821	-12.223	-12.247
4.402	26.876	1.508	-0.063	-0.949	-0.820	-12.223	-12.247
4.424	26.861	1.507	-0.064	-0.949	-0.820	-12.223	-12.247
4.445	26.847	1.507	-0.064	-0.949	-0.820	-12.222	-12.247
4.466	26.832	1.507	-0.064	-0.949	-0.820	-12.222	-12.247
4.488	26.817	1.506	-0.065	-0.949	-0.819	-12.222	-12.247
4.509	26.803	1.506	-0.065	-0.949	-0.819	-12.222	-12.247
4.530	26.788	1.506	-0.065	-0.949	-0.819	-12.221	-12.247
4.552	26.774	1.505	-0.066	-0.949	-0.819	-12.221	-12.247
4.573	26.759	1.505	-0.066	-0.949	-0.818	-12.221	-12.247
4.595	26.745	1.505	-0.066	-0.949	-0.818	-12.221	-12.247
4.616	26.730	1.504	-0.067	-0.949	-0.818	-12.220	-12.247
4.637	26.716	1.504	-0.067	-0.949	-0.818	-12.220	-12.247
4.659	26.701	1.504	-0.067	-0.949	-0.817	-12.220	-12.247
4.680	26.687	1.503	-0.068	-0.949	-0.817	-12.219	-12.247
4.701	26.672	1.503	-0.068	-0.949	-0.817	-12.219	-12.247
4.723	26.658	1.503	-0.068	-0.949	-0.817	-12.219	-12.247
4.744	26.643	1.502	-0.069	-0.949	-0.816	-12.219	-12.247
4.766	26.629	1.502	-0.069	-0.949	-0.816	-12.218	-12.247
4.787	26.614	1.502	-0.069	-0.949	-0.816	-12.218	-12.247
4.808	26.600	1.501	-0.070	-0.949	-0.816	-12.218	-12.247
4.830	26.585	1.501	-0.070	-0.949	-0.816	-12.217	-12.247
4.851	26.571	1.501	-0.070	-0.949	-0.815	-12.217	-12.247
4.872	26.556	1.500	-0.071	-0.949	-0.815	-12.217	-12.247
4.894	26.542	1.500	-0.071	-0.949	-0.815	-12.216	-12.247
4.915	26.527	1.500	-0.071	-0.949	-0.815	-12.216	-12.247
4.937	26.513	1.499	-0.072	-0.949	-0.814	-12.216	-12.247
4.958	26.499	1.499	-0.072	-0.949	-0.814	-12.216	-12.247
4.979	26.484	1.498	-0.073	-0.949	-0.814	-12.215	-12.247
5.001	26.470	1.498	-0.073	-0.949	-0.814	-12.215	-12.247
5.022	26.455	1.498	-0.073	-0.949	-0.813	-12.215	-12.247
5.044	26.441	1.497	-0.074	-0.949	-0.813	-12.214	-12.247
5.065	26.426	1.497	-0.074	-0.949	-0.813	-12.214	-12.247
5.086	26.412	1.497	-0.074	-0.949	-0.813	-12.214	-12.247
5.108	26.398	1.496	-0.075	-0.949	-0.812	-12.213	-12.247
5.129	26.383	1.496	-0.075	-0.949	-0.812	-12.213	-12.247
5.151	26.369	1.496	-0.075	-0.949	-0.812	-12.213	-12.247
5.172	26.354	1.495	-0.076	-0.949	-0.812	-12.212	-12.247
5.193	26.340	1.495	-0.076	-0.949	-0.811	-12.212	-12.247
5.215	26.326	1.495	-0.076	-0.949	-0.811	-12.212	-12.247
5.236	26.311	1.494	-0.077	-0.949	-0.811	-12.211	-12.247
5.258	26.297	1.494	-0.077	-0.949	-0.811	-12.211	-12.247
5.279	26.283	1.494	-0.077	-0.949	-0.810	-12.211	-12.247
5.301	26.268	1.493	-0.078	-0.949	-0.810	-12.210	-12.247
5.322	26.254	1.493	-0.078	-0.949	-0.810	-12.210	-12.247
5.343	26.240	1.492	-0.079	-0.949	-0.810	-12.210	-12.247
5.365	26.225	1.492	-0.079	-0.949	-0.809	-12.209	-12.247
5.386	26.211	1.492	-0.079	-0.949	-0.809	-12.209	-12.247
5.408	26.197	1.491	-0.080	-0.949	-0.809	-12.209	-12.247
5.429	26.182	1.491	-0.080	-0.949	-0.809	-12.208	-12.247
5.451	26.168	1.491	-0.080	-0.949	-0.808	-12.208	-12.247
5.472	26.154	1.490	-0.081	-0.949	-0.808	-12.208	-12.247
5.493	26.139	1.490	-0.081	-0.949	-0.808	-12.207	-12.247
5.515	26.125	1.490	-0.081	-0.949	-0.808	-12.207	-12.247
5.536	26.111	1.489	-0.082	-0.949	-0.807	-12.207	-12.247
5.558	26.096	1.489	-0.082	-0.949	-0.807	-12.206	-12.247
5.579	26.082	1.489	-0.083	-0.949	-0.807	-12.206	-12.247
5.601	26.068	1.488	-0.083	-0.949	-0.806	-12.205	-12.247
5.622	26.054	1.488	-0.083	-0.949	-0.806	-12.205	-12.247
5.643	26.039	1.487	-0.084	-0.949	-0.806	-12.205	-12.247
5.665	26.025	1.487	-0.084	-0.949	-0.806	-12.204	-12.247
5.686	26.011	1.487	-0.084	-0.949	-0.805	-12.204	-12.247
5.708	25.997	1.486	-0.085	-0.949	-0.805	-12.204	-12.247
5.729	25.982	1.486	-0.085	-0.949	-0.805	-12.203	-12.247
5.751	25.968	1.486	-0.085	-0.949	-0.805	-12.203	-12.247
5.772	25.954	1.485	-0.086	-0.949	-0.804	-12.202	-12.247
5.794	25.940	1.485	-0.086	-0.949	-0.804	-12.202	-12.247
5.815	25.925	1.485	-0.087	-0.949	-0.804	-12.202	-12.247
5.837	25.911	1.484	-0.087	-0.949	-0.804	-12.201	-12.247
5.858	25.897	1.484	-0.087	-0.949	-0.803	-12.201	-12.247
5.879	25.883	1.483	-0.088	-0.949	-0.803	-12.200	-12.247
5.901	25.869	1.483	-0.088	-0.949	-0.803	-12.200	-12.247
5.922	25.854	1.483	-0.088	-0.949	-0.803	-12.200	-12.247
5.944	25.840	1.482	-0.089	-0.949	-0.802	-12.199	-12.247
5.965	25.826	1.482	-0.089	-0.949	-0.802	-12.199	-12.247
5.987	25.812	1.482	-0.089	-0.949	-0.802	-12.198	-12.247
6.008	25.798	1.481	-0.090	-0.949	-0.801	-12.198	-12.247
6.030	25.784	1.481	-0.090	-0.949	-0.801	-12.198	-12.247
6.051	25.769	1.481	-0.091	-0.949	-0.801	-12.197	-12.247
6.073	25.755	1.480	-0.091	-0.949	-0.801	-12.197	-12.247
6.094	25.741	1.480	-0.091	-0.949	-0.800	-12.196	-12.247
6.116	25.727	1.479	-0.092	-0.949	-0.800	-12.196	-12.247
6.137	25.713	1.479	-0.092	-0.949	-0.800	-12.196	-12.247
6.159	25.699	1.479	-0.092	-0.949	-0.800	-12.195	-12.247
6.180	25.685	1.478	-0.093	-0.949	-0.799	-12.195	-12.247
6.202	25.670	1.478	-0.093	-0.949	-0.799	-12.194	-12.247
6.223	25.656	1.478	-0.094	-0.949	-0.799	-12.194	-12.247
6.245	25.642	1.477	-0.094	-0.949	-0.798	-12.193	-12.247
6.266	25.628	1.477	-0.094	-0.949	-0.798	-12.193	-12.247
6.287	25.614	1.477	-0.095	-0.949	-0.798	-12.193	-12.247
6.309	25.600	1.476	-0.095	-0.949	-0.798	-12.192	-12.247
6.330	25.586	1.476	-0.095	-0.949	-0.797	-12.192	-12.247
6.352	25.572	1.475	-0.096	-0.949	-0.797	-12.191	-12.247
6.373	25.558	1.475	-0.096	-0.949	-0.797	-12.191	-12.247
6.395	25.544	1.475	-0.097	-0.949	-0.797	-12.190	-12.247
6.416	25.530	1.474	-0.097	-0.949	-0.796	-12.190	-12.247
6.438	25.516	1.474	-0.097	-0.949	-0.796	-12.189	-12.247
6.459	25.502	1.474	-0.098	-0.949	-0.796	-12.189	-12.247
6.481	25.487	1.473	-0.098	-0.949	-0.795	-12.189	-12.247
6.502	25.473	1.473	-0.099	-0.949	-0.795	-12.188	-12.247
6.524	25.459	1.472	-0.099	-0.949	-0.795	-12.188	-12.247
6.545	25.445	1.472	-0.099	-0.949	-0.795	-12.187	-12.247
6.567	25.431	1.472	-0.100	-0.949	-0.794	-12.187	-12.247
6.589	25.417	1.471	-0.100	-0.949	-0.794	-12.186	-12.247
6.610	25.403	1.471	-0.100	-0.949	-0.794	-12.186	-12.247
6.632	25.389	1.471	-0.101	-0.949	-0.793	-12.185	-12.247
6.653	25.375	1.470	-0.101	-0.949	-0.793	-12.185	-12.247
6.675	25.361	1.470	-0.102	-0.949	-0.793	-12.184	-12.247
6.696	25.347	1.469	-0.102	-0.949	-0.793	-12.184	-12.247
6.718	25.333	1.469	-0.102	-0.949	-0.792	-12.183	-12.247
6.739	25.319	1.469	-0.103	-0.949	-0.792	-12.183	-12.247
6.761	25.306	1.468	-0.103	-0.949	-0.792	-12.182	-12.247
6.782	25.292	1.468	-0.103	-0.949	-0.791	-12.182	-12.247
6.804	25.278	1.467	-0.104	-0.949	-0.791	-12.181	-12.247
6.825	25.264	1.467	-0.104	-0.949	-0.791	-12.181	-12.247
6.847	25.250	1.467	-0.105	-0.949	-0.791	-12.180	-12.247
6.868	25.236	1.466	-0.105	-0.949	-0.790	-12.180	-12.247
6.890	25.222	1.466	-0.105	-0.949	-0.790	-12.179	-12.247
6.911	25.208	1.466	-0.106	-0.949	-0.790	-12.179	-12.247
6.933	25.194	1.465	-0.106	-0.949	-0.789	-12.178	-12.247
6.954	25.180	1.465	-0.107	-0.949	-0.789	-12.178	-12.247
6.976	25.166	1.464	-0.107	-0.949	-0.789	-12.177	-12.247
6.998	25.152	1.464	-0.107	-0.949	-0.789	-12.177	-12.247
7.019	25.138	1.464	-0.108	-0.949	-0.788	-12.176	-12.247
7.041	25.125	1.463	-0.108	-0.949	-0.788	-12.176	-12.247
7.062	25.111	1.463	-0.109	-0.949	-0.788	-12.175	-12.247
7.084	25.097	1.462	-0.109	-0.949	-0.787	-12.175	-12.247
7.105	25.083	1.462	-0.109	-0.949	-0.787	-12.174	-12.247
7.127	25.069	1.462	-0.110	-0.949	-0.787	-12.174	-12.247
7.148	25.055	1.461	-0.110	-0.949	-0.787	-12.173	-12.247
7.170	25.041	1.461	-0.111	-0.949	-0.786	-12.173	-12.247
7.191	25.028	1.461	-0.111	-0.949	-0.786	-12.172	-12.247
7.213	25.014	1.460	-0.111	-0.949	-0.786	-12.172	-12.247
7.235	25.000	1.460	-0.112	-0.949	-0.785	-12.171	-12.247
7.256	24.986	1.459	-0.112	-0.949	-0.785	-12.171	-12.247
7.278	24.972	1.459	-0.113	-0.949	-0.785	-12.170	-12.247
7.299	24.958	1.459	-0.113	-0.949	-0.784	-12.169	-12.247
7.321	24.945	1.458	-0.113	-0.949	-0.784	-12.169	-12.247
7.342	24.931	1.458	-0.114	-0.949	-0.784	-12.168	-12.247
7.364	24.917	1.457	-0.114	-0.949	-0.784	-12.168	-12.247
7.386	24.903	1.457	-0.115	-0.949	-0.783	-12.167	-12.247
7.407	24.890	1.457	-0.115	-0.949	-0.783	-12.167	-12.247
7.429	24.876	1.456	-0.115	-0.949	-0.783	-12.166	-12.247
7.450	24.862	1.456	-0.116	-0.949	-0.782	-12.166	-12.247
7.472	24.848	1.455	-0.116	-0.949	-0.782	-12.165	-12.247
7.493	24.835	1.455	-0.117	-0.949	-0.782	-12.164	-12.247
7.515	24.821	1.455	-0.117	-0.949	-0.781	-12.164	-12.247
7.537	24.807	1.454	-0.117	-0.949	-0.781	-12.163	-12.247
7.558	24.793	1.454	-0.118	-0.949	-0.781	-12.163	-12.247
7.580	24.780	1.453	-0.118	-0.949	-0.780	-12.162	-12.247
7.601	24.766	1.453	-0.119	-0.949	-0.780	-12.162	-12.247
7.623	24.752	1.453	-0.119	-0.949	-0.780	-12.161	-12.247
7.645	24.738	1.452	-0.119	-0.949	-0.780	-12.160	-12.247
7.666	24.725	1.452	-0.120	-0.949	-0.779	-12.160	-12.247
7.688	24.711	1.451	-0.120	-0.949	-0.779	-12.159	-12.247
7.709	24.697	1.451	-0.121	-0.949	-0.779	-12.159	-12.247
7.731	24.684	1.451	-0.121	-0.949	-0.778	-12.158	-12.247
7.753	24.670	1.450	-0.121	-0.949	-0.778	-12.157	-12.247
7.774	24.656	1.450	-0.122	-0.949	-0.778	-12.157	-12.247
7.796	24.643	1.449	-0.122	-0.949	-0.777	-12.156	-12.247
7.817	24.629	1.449	-0.123	-0.949	-0.777	-12.156	-12.247
7.839	24.615	1.449	-0.123	-0.949	-0.777	-12.155	-12.247
7.861	24.602	1.448	-0.123	-0.949	-0.776	-12.154	-12.247
7.882	24.588	1.448	-0.124	-0.949	-0.776	-12.154	-12.247
7.904	24.575	1.447	-0.124	-0.949	-0.776	-12.153	-12.247
7.925	24.561	1.447	-0.125	-0.949	-0.775	-12.152	-12.247
7.947	24.547	1.447	-0.125	-0.949	-0.775	-12.152	-12.247
7.969	24.534	1.446	-0.125	-0.949	-0.775	-12.151	-12.247
7.990	24.520	1.446	-0.126	-0.949	-0.775	-12.151	-12.247
8.012	24.506	1.445	-0.126	-0.949	-0.774	-12.150	-12.247
8.033	24.493	1.445	-0.127	-0.949	-0.774	-12.149	-12.247
8.055	24.479	1.445	-0.127	-0.949	-0.774	-12.149	-12.247
8.077	24.466	1.444	-0.128	-0.949	-0.773	-12.148	-12.247
8.098	24.452	1.444	-0.128	-0.949	-0.773	-12.147	-12.247
8.120	24.439	1.443	-0.128	-0.949	-0.773	-12.147	-12.247
8.142	24.425	1.443	-0.129	-0.949	-0.772	-12.146	-12.247
8.163	24.412	1.443	-0.129	-0.949	-0.772	-12.145	-12.247
8.185	24.398	1.442	-0.130	-0.949	-0.772	-12.145	-12.247
8.207	24.384	1.442	-0.130	-0.949	-0.771	-12.144	-12.247
8.228	24.371	1.441	-0.130	-0.949	-0.771	-12.143	-12.247
8.250	24.357	1.441	-0.131	-0.949	-0.771	-12.143	-12.247
8.271	24.344	1.441	-0.131	-0.949	-0.770	-12.142	-12.247
8.293	24.330	1.440	-0.132	-0.949	-0.770	-12.141	-12.247
8.315	24.317	1.440	-0.132	-0.949	-0.770	-12.141	-12.247
8.336	24.303	1.439	-0.133	-0.949	-0.769	-12.140	-12.247
8.358	24.290	1.439	-0.133	-0.949	-0.769	-12.139	-12.247
8.380	24.276	1.439	-0.133	-0.949	-0.769	-12.139	-12.247
8.401	24.263	1.438	-0.134	-0.949	-0.768	-12.138	-12.247
8.423	24.250	1.438	-0.134	-0.949	-0.768	-12.137	-12.247
8.445	24.236	1.437	-0.135	-0.949	-0.768	-12.136	-12.247
8.466	24.223	1.437	-0.135	-0.949	-0.767	-12.136	-12.247
8.488	24.209	1.436	-0.136	-0.949	-0.767	-12.135	-12.247
8.510	24.196	1.436	-0.136	-0.949	-0.767	-12.134	-12.247
8.531	24.182	1.436	-0.136	-0.949	-0.766	-12.134	-12.247
8.553	24.169	1.435	-0.137	-0.949	-0.766	-12.133	-12.247
8.575	24.155	1.435	-0.137	-0.949	-0.766	-12.132	-12.247
8.596	24.142	1.434	-0.138	-0.949	-0.765	-12.132	-12.247
8.618	24.129	1.434	-0.138	-0.949	-0.765	-12.131	-12.247
8.640	24.115	1.434	-0.139	-0.949	-0.765	-12.130	-12.247
8.661	24.102	1.433	-0.139	-0.949	-0.764	-12.129	-12.247
8.683	24.089	1.433	-0.139	-0.949	-0.764	-12.129	-12.247
8.705	24.075	1.432	-0.140	-0.949	-0.764	-12.128	-12.247
8.726	24.062	1.432	-0.140	-0.949	-0.763	-12.127	-12.247
8.748	24.048	1.431	-0.141	-0.949	-0.763	-12.126	-12.247
8.770	24.035	1.431	-0.141	-0.949	-0.763	-12.126	-12.247
8.791	24.022	1.431	-0.142	-0.949	-0.762	-12.125	-12.247
8.813	24.008	1.430	-0.142	-0.949	-0.762	-12.124	-12.247
8.835	23.995	1.430	-0.142	-0.949	-0.762	-12.123	-12.247
8.856	23.982	1.429	-0.143	-0.949	-0.761	-12.123	-12.247
8.878	23.968	1.429	-0.143	-0.949	-0.761	-12.122	-12.247
8.900	23.955	1.429	-0.144	-0.949	-0.761	-12.121	-12.247
8.921	23.942	1.428	-0.144	-0.949	-0.760	-12.120	-12.247
8.943	23.928	1.428	-0.145	-0.949	-0.760	-12.120	-12.247
8.965	23.915	1.427	-0.145	-0.949	-0.760	-12.119	-12.247
8.986	23.902	1.427	-0.145	-0.949	-0.759	-12.118	-12.247
9.008	23.889	1.426	-0.146	-0.949	-0.759	-12.117	-12.247
9.030	23.875	1.426	-0.146	-0.949	-0.759	-12.116	-12.247
9.052	23.862	1.426	-0.147	-0.949	-0.758	-12.116	-12.247
9.073	23.849	1.425	-0.147	-0.949	-0.758	-12.115	-12.247
9.095	23.836	1.425	-0.148	-0.949	-0.757	-12.114	-12.247
9.117	23.822	1.424	-0.148	-0.949	-0.757	-12.113	-12.247
9.138	23.809	1.424	-0.149	-0.949	-0.757	-12.113	-12.247
9.160	23.796	1.423	-0.149	-0.949	-0.756	-12.112	-12.247
9.182	23.783	1.423	-0.149	-0.949	-0.756	-12.111	-12.247
9.204	23.769	1.423	-0.150	-0.949	-0.756	-12.110	-12.247
9.225	23.756	1.422	-0.150	-0.949	-0.755	-12.109	-12.247
9.247	23.743	1.422	-0.151	-0.949	-0.755	-12.108	-12.247
9.269	23.730	1.421	-0.151	-0.949	-0.755	-12.108	-12.247
9.290	23.717	1.421	-0.152	-0.949	-0.754	-12.107	-12.247
9.312	23.704	1.420	-0.152	-0.949	-0.754	-12.106	-12.247
9.334	23.690	1.420	-0.153	-0.949	-0.754	-12.105	-12.247
9.356	23.677	1.420	-0.153	-0.949	-0.753	-12.104	-12.247
9.377	23.664	1.419	-0.153	-0.949	-0.753	-12.104	-12.247
9.399	23.651	1.419	-0.154	-0.949	-0.752	-12.103	-12.247
9.421	23.638	1.418	-0.154	-0.949	-0.752	-12.102	-12.247
9.443	23.625	1.418	-0.155	-0.949	-0.752	-12.101	-12.247
9.464	23.612	1.417	-0.155	-0.949	-0.751	-12.100	-12.247
9.486	23.598	1.417	-0.156	-0.949	-0.751	-12.099	-12.247
9.508	23.585	1.417	-0.156	-0.949	-0.751	-12.098	-12.247
9.529	23.572	1.416	-0.157	-0.949	-0.750	-12.098	-12.247
9.551	23.559	1.416	-0.157	-0.949	-0.750	-12.097	-12.247
9.573	23.546	1.415	-0.158	-0.949	-0.750	-12.096	-12.247
9.595	23.533	1.415	-0.158	-0.949	-0.749	-12.095	-12.247
9.616	23.520	1.414	-0.158	-0.949	-0.749	-12.094	-12.247
9.638	23.507	1.414	-0.159	-0.949	-0.748	-12.093	-12.247
9.660	23.494	1.413	-0.159	-0.949	-0.748	-12.092	-12.247
9.682	23.481	1.413	-0.160	-0.949	-0.748	-12.091	-12.247
9.703	23.468	1.413	-0.160	-0.949	-0.747	-12.091	-12.247
9.725	23.455	1.412	-0.161	-0.949	-0.747	-12.090	-12.247
9.747	23.442	1.412	-0.161	-0.949	-0.747	-12.089	-12.247
9.769	23.429	1.411	-0.162	-0.949	-0.746	-12.088	-12.247
9.790	23.416	1.411	-0.162	-0.949	-0.746	-12.087	-12.247
9.812	23.403	1.410	-0.163	-0.949	-0.746	-12.086	-12.247
9.834	23.390	1.410	-0.163	-0.949	-0.745	-12.085	-12.247
9.856	23.377	1.409	-0.163	-0.949	-0.745	-12.084	-12.247
9.878	23.364	1.409	-0.164	-0.949	-0.744	-12.083	-12.247
9.899	23.351	1.409	-0.164	-0.949	-0.744	-12.082	-12.247
9.921	23.338	1.408	-0.165	-0.949	-0.744	-12.081	-12.247
9.943	23.325	1.408	-0.165	-0.949	-0.743	-12.081	-12.247
9.965	23.312	1.407	-0.166	-0.949	-0.743	-12.080	-12.247
9.986	23.299	1.407	-0.166	-0.949	-0.743	-12.079	-12.247
10.008	23.286	1.406	-0.167	-0.949	-0.742	-12.078	-12.247
10.030	23.273	1.406	-0.167	-0.949	-0.742	-12.077	-12.247
10.052	23.260	1.405	-0.168	-0.949	-0.741	-12.076	-12.247
10.074	23.247	1.405	-0.168	-0.949	-0.741	-12.075	-12.247
10.095	23.234	1.405	-0.169	-0.949	-0.741	-12.074	-12.247
10.117	23.221	1.404	-0.169	-0.949	-0.740	-12.073	-12.247
10.139	23.208	1.404	-0.169	-0.949	-0.740	-12.072	-12.247
10.161	23.196	1.403	-0.170	-0.949	-0.739	-12.071	-12.247
10.182	23.183	1.403	-0.170	-0.949	-0.739	-12.070	-12.247
10.204	23.170	1.402	-0.171	-0.949	-0.739	-12.069	-12.247
10.226	23.157	1.402	-0.171	-0.949	-0.738	-12.068	-12.247
10.248	23.144	1.401	-0.172	-0.949	-0.738	-12.067	-12.247
10.270	23.131	1.401	-0.172	-0.949	-0.738	-12.066	-12.247
10.291	23.118	1.401	-0.173	-0.949	-0.737	-12.065	-12.247
10.313	23.106	1.400	-0.173	-0.949	-0.737	-12.064	-12.247
10.335	23.093	1.400	-0.174	-0.949	-0.736	-12.063	-12.247
10.357	23.080	1.399	-0.174	-0.949	-0.736	-12.062	-12.247
10.379	23.067	1.399	-0.175	-0.949	-0.736	-12.061	-12.247
10.401	23.054	1.398	-0.175	-0.949	-0.735	-12.060	-12.247
10.422	23.042	1.398	-0.176	-0.949	-0.735	-12.059	-12.247
10.444	23.029	1.397	-0.176	-0.949	-0.734	-12.058	-12.247
10.466	23.016	1.397	-0.177	-0.949	-0.734	-12.057	-12.247
10.488	23.003	1.396	-0.177	-0.949	-0.734	-12.056	-12.247
10.510	22.991	1.396	-0.178	-0.949	-0.733	-12.055	-12.247
10.531	22.978	1.396	-0.178	-0.949	-0.733	-12.054	-12.247
10.553	22.965	1.395	-0.178	-0.949	-0.732	-12.053	-12.247
10.575	22.952	1.395	-0.179	-0.949	-0.732	-12.052	-12.247
10.597	22.940	1.394	-0.179	-0.949	-0.732	-12.051	-12.247
10.619	22.927	1.394	-0.180	-0.949	-0.731	-12.050	-12.247
10.641	22.914	1.393	-0.180	-0.949	-0.731	-12.049	-12.247
10.662	22.901	1.393	-0.181	-0.949	-0.730	-12.048	-12.247
10.684	22.889	1.392	-0.181	-0.949	-0.730	-12.047	-12.247
10.706	22.876	1.392	-0.182	-0.949	-0.730	-12.046	-12.247
10.728	22.863	1.391	-0.182	-0.949	-0.729	-12.044	-12.247
10.750	22.851	1.391	-0.183	-0.949	-0.729	-12.043	-12.247
10.772	22.838	1.391	-0.183	-0.949	-0.728	-12.042	-12.247
10.793	22.825	1.390	-0.184	-0.949	-0.728	-12.041	-12.247
10.815	22.813	1.390	-0.184	-0.949	-0.728	-12.040	-12.247
10.837	22.800	1.389	-0.185	-0.949	-0.727	-12.039	-12.247
10.859	22.788	1.389	-0.185	-0.949	-0.727	-12.038	-12.247
10.881	22.775	1.388	-0.186	-0.949	-0.726	-12.037	-12.247
10.903	22.762	1.388	-0.186	-0.949	-0.726	-12.036	-12.247
10.925	22.750	1.387	-0.187	-0.949	-0.726	-12.035	-12.247
10.946	22.737	1.387	-0.187	-0.949	-0.725	-12.034	-12.247
10.968	22.725	1.386	-0.188	-0.949	-0.725	-12.032	-12.247
10.990	22.712	1.386	-0.188	-0.949	-0.724	-12.031	-12.247
11.012	22.699	1.385	-0.189	-0.949	-0.724	-12.030	-12.247
11.034	22.687	1.385	-0.189	-0.949	-0.724	-12.029	-12.247
11.056	22.674	1.384	-0.190	-0.949	-0.723	-12.028	-12.247
11.078	22.662	1.384	-0.190	-0.949	-0.723	-12.027	-12.247
11.099	22.649	1.384	-0.191	-0.949	-0.722	-12.026	-12.247
11.121	22.637	1.383	-0.191	-0.949	-0.722	-12.024	-12.247
11.143	22.624	1.383	-0.192	-0.949	-0.721	-12.023	-12.247
11.165	22.612	1.382	-0.192	-0.949	-0.721	-12.022	-12.247
11.187	22.599	1.382	-0.193	-0.949	-0.721	-12.021	-12.247
11.209	22.587	1.381	-0.193	-0.949	-0.720	-12.020	-12.247
11.231	22.574	1.381	-0.194	-0.949	-0.720	-12.019	-12.247
11.253	22.562	1.380	-0.194	-0.949	-0.719	-12.017	-12.247
11.274	22.549	1.380	-0.195	-0.949	-0.719	-12.016	-12.247
11.296	22.537	1.379	-0.195	-0.949	-0.719	-12.015	-12.247
11.318	22.524	1.379	-0.196	-0.949	-0.718	-12.014	-12.247
11.340	22.512	1.378	-0.196	-0.949	-0.718	-12.013	-12.247
11.362	22.499	1.378	-0.197	-0.949	-0.717	-12.011	-12.247
11.384	22.487	1.377	-0.197	-0.949	-0.717	-12.010	-12.247
11.406	22.475	1.377	-0.198	-0.949	-0.716	-12.009	-12.247
11.428	22.462	1.376	-0.198	-0.949	-0.716	-12.008	-12.247
11.450	22.450	1.376	-0.199	-0.949	-0.716	-12.007	-12.247
11.471	22.437	1.375	-0.199	-0.949	-0.715	-12.005	-12.247
11.493	22.425	1.375	-0.200	-0.949	-0.715	-12.004	-12.247
11.515	22.413	1.375	-0.200	-0.949	-0.714	-12.003	-12.247
11.537	22.400	1.374	-0.201	-0.949	-0.714	-12.002	-12.247
11.559	22.388	1.374	-0.201	-0.949	-0.713	-12.000	-12.247
11.581	22.376	1.373	-0.202	-0.949	-0.713	-11.999	-12.247
11.603	22.363	1.373	-0.202	-0.949	-0.713	-11.998	-12.247
11.625	22.351	1.372	-0.203	-0.949	-0.712	-11.997	-12.247
11.647	22.339	1.372	-0.203	-0.949	-0.712	-11.995	-12.247
11.669	22.326	1.371	-0.204	-0.949	-0.711	-11.994	-12.247
11.691	22.314	1.371	-0.204	-0.949	-0.711	-11.993	-12.247
11.713	22.302	1.370	-0.205	-0.949	-0.710	-11.992	-12.247
11.734	22.289	1.370	-0.205	-0.949	-0.710	-11.990	-12.247
11.756	22.277	1.369	-0.206	-0.949	-0.709	-11.989	-12.247
11.778	22.265	1.369	-0.206	-0.949	-0.709	-11.988	-12.247
11.800	22.252	1.368	-0.207	-0.949	-0.709	-11.987	-12.247
11.822	22.240	1.368	-0.207	-0.949	-0.708	-11.985	-12.247
11.844	22.228	1.367	-0.208	-0.949	-0.708	-11.984	-12.247
11.866	22.216	1.367	-0.208	-0.949	-0.707	-11.983	-12.247
11.888	22.203	1.366	-0.209	-0.949	-0.707	-11.981	-12.247
11.910	22.191	1.366	-0.209	-0.949	-0.706	-11.980	-12.247
11.932	22.179	1.365	-0.210	-0.949	-0.706	-11.979	-12.247
11.954	22.167	1.365	-0.210	-0.949	-0.705	-11.977	-12.247
11.976	22.155	1.364	-0.211	-0.949	-0.705	-11.976	-12.247
11.998	22.142	1.364	-0.211	-0.949	-0.705	-11.975	-12.247
12.020	22.130	1.363	-0.212	-0.949	-0.704	-11.973	-12.247
12.042	22.118	1.363	-0.213	-0.949	-0.704	-11.972	-12.247
12.064	22.106	1.362	-0.213	-0.949	-0.703	-11.971	-12.247
12.085	22.094	1.362	-0.214	-0.949	-0.703	-11.969	-12.247
12.107	22.082	1.361	-0.214	-0.949	-0.702	-11.968	-12.247
12.129	22.070	1.361	-0.215	-0.949	-0.702	-11.967	-12.247
12.151	22.057	1.360	-0.215	-0.949	-0.701	-11.965	-12.247
12.173	22.045	1.360	-0.216	-0.949	-0.701	-11.964	-12.247
12.195	22.033	1.359	-0.216	-0.949	-0.701	-11.962	-12.247
12.217	22.021	1.359	-0.217	-0.949	-0.700	-11.961	-12.247
12.239	22.009	1.359	-0.217	-0.949	-0.700	-11.960	-12.247
12.261	21.997	1.358	-0.218	-0.949	-0.699	-11.958	-12.247
12.283	21.985	1.358	-0.218	-0.949	-0.699	-11.957	-12.247
12.305	21.973	1.357	-0.219	-0.949	-0.698	-11.955	-12.247
12.327	21.961	1.357	-0.219	-0.949	-0.698	-11.954	-12.247
12.349	21.949	1.356	-0.220	-0.949	-0.697	-11.953	-12.247
12.371	21.937	1.356	-0.220	-0.949	-0.697	-11.951	-12.247
12.393	21.925	1.355	-0.221	-0.949	-0.696	-11.950	-12.247
12.415	21.913	1.355	-0.221	-0.949	-0.696	-11.948	-12.247
12.437	21.901	1.354	-0.222	-0.949	-0.695	-11.947	-12.247
12.459	21.889	1.354	-0.223	-0.949	-0.695	-11.945	-12.247
12.481	21.877	1.353	-0.223	-0.949	-0.695	-11.944	-12.247
12.503	21.865	1.353	-0.224	-0.949	-0.694	-11.942	-12.247
12.525	21.853	1.352	-0.224	-0.949	-0.694	-11.941	-12.247
12.547	21.841	1.352	-0.225	-0.949	-0.693	-11.940	-12.247
12.569	21.829	1.351	-0.225	-0.949	-0.693	-11.938	-12.247
12.591	21.817	1.351	-0.226	-0.949	-0.692	-11.937	-12.247
12.613	21.805	1.350	-0.226	-0.949	-0.692	-11.935	-12.247
12.635	21.793	1.350	-0.227	-0.949	-0.691	-11.934	-12.247
12.657	21.781	1.349	-0.227	-0.949	-0.691	-11.932	-12.247
12.679	21.769	1.349	-0.228	-0.949	-0.690	-11.931	-12.247
12.701	21.757	1.348	-0.229	-0.949	-0.690	-11.929	-12.247
12.723	21.745	1.348	-0.229	-0.949	-0.689	-11.928	-12.247
12.745	21.733	1.347	-0.230	-0.949	-0.689	-11.926	-12.247
12.767	21.722	1.347	-0.230	-0.949	-0.688	-11.925	-12.247
12.789	21.710	1.346	-0.231	-0.949	-0.688	-11.923	-12.247
12.811	21.698	1.346	-0.231	-0.949	-0.687	-11.921	-12.247
12.833	21.686	1.345	-0.232	-0.949	-0.687	-11.920	-12.247
12.855	21.674	1.344	-0.232	-0.949	-0.686	-11.918	-12.247
12.877	21.662	1.344	-0.233	-0.949	-0.686	-11.917	-12.247
12.899	21.651	1.343	-0.233	-0.949	-0.685	-11.915	-12.247
12.921	21.639	1.343	-0.234	-0.949	-0.685	-11.914	-12.247
12.943	21.627	1.342	-0.235	-0.949	-0.685	-11.912	-12.247
12.965	21.615	1.342	-0.235	-0.949	-0.684	-11.911	-12.247
12.987	21.603	1.341	-0.236	-0.949	-0.684	-11.909	-12.247
13.009	21.592	1.341	-0.236	-0.949	-0.683	-11.907	-12.247
13.031	21.580	1.340	-0.237	-0.949	-0.683	-11.906	-12.247
13.053	21.568	1.340	-0.237	-0.949	-0.682	-11.904	-12.247
13.075	21.556	1.339	-0.238	-0.949	-0.682	-11.903	-12.247
13.097	21.545	1.339	-0.238	-0.949	-0.681	-11.901	-12.247
13.119	21.533	1.338	-0.239	-0.949	-0.681	-11.899	-12.247
13.142	21.521	1.338	-0.240	-0.949	-0.680	-11.898	-12.247
13.164	21.510	1.337	-0.240	-0.949	-0.680	-11.896	-12.247
13.186	21.498	1.337	-0.241	-0.949	-0.679	-11.895	-12.247
13.208	21.486	1.336	-0.241	-0.949	-0.679	-11.893	-12.247
13.230	21.474	1.336	-0.242	-0.949	-0.678	-11.891	-12.247
13.252	21.463	1.335	-0.242	-0.949	-0.678	-11.890	-12.247
13.274	21.451	1.335	-0.243	-0.949	-0.677	-11.888	-12.247
13.296	21.440	1.334	-0.243	-0.949	-0.677	-11.886	-12.247
13.318	21.428	1.334	-0.244	-0.949	-0.676	-11.885	-12.247
13.340	21.416	1.333	-0.245	-0.949	-0.676	-11.883	-12.247
13.362	21.405	1.333	-0.245	-0.949	-0.675	-11.881	-12.247
13.384	21.393	1.332	-0.246	-0.949	-0.675	-11.880	-12.247
13.406	21.381	1.332	-0.246	-0.949	-0.674	-11.878	-12.247
13.428	21.370	1.331	-0.247	-0.949	-0.674	-11.876	-12.247
13.450	21.358	1.331	-0.247	-0.949	-0.673	-11.874	-12.247
13.472	21.347	1.330	-0.248	-0.949	-0.673	-11.873	-12.247
13.495	21.335	1.330	-0.249	-0.949	-0.672	-11.871	-12.247
13.517	21.324	1.329	-0.249	-0.949	-0.672	-11.869	-12.247
13.539	21.312	1.329	-0.250	-0.949	-0.671	-11.868	-12.247
13.561	21.301	1.328	-0.250	-0.949	-0.671	-11.866	-12.247
13.583	21.289	1.327	-0.251	-0.949	-0.670	-11.864	-12.247
13.605	21.278	1.327	-0.251	-0.949	-0.670	-11.862	-12.247
13.627	21.266	1.326	-0.252	-0.949	-0.669	-11.861	-12.247
13.649	21.255	1.326	-0.253	-0.949	-0.669	-11.859	-12.247
13.671	21.243	1.325	-0.253	-0.949	-0.668	-11.857	-12.247
13.693	21.232	1.325	-0.254	-0.949	-0.667	-11.855	-12.247
13.715	21.220	1.324	-0.254	-0.949	-0.667	-11.854	-12.247
13.737	21.209	1.324	-0.255	-0.949	-0.666	-11.852	-12.247
13.760	21.197	1.323	-0.255	-0.949	-0.666	-11.850	-12.247
13.782	21.186	1.323	-0.256	-0.949	-0.665	-11.848	-12.247
13.804	21.174	1.322	-0.257	-0.949	-0.665	-11.846	-12.247
13.826	21.163	1.322	-0.257	-0.949	-0.664	-11.845	-12.247
13.848	21.152	1.321	-0.258	-0.949	-0.664	-11.843	-12.247
13.870	21.140	1.321	-0.258	-0.949	-0.663	-11.841	-12.247
13.892	21.129	1.320	-0.259	-0.949	-0.663	-11.839	-12.247
13.914	21.117	1.320	-0.260	-0.949	-0.662	-11.837	-12.247
13.936	21.106	1.319	-0.260	-0.949	-0.662	-11.835	-12.247
13.959	21.095	1.319	-0.261	-0.949	-0.661	-11.834	-12.247
13.981	21.083	1.318	-0.261	-0.949	-0.661	-11.832	-12.247
14.003	21.072	1.317	-0.262	-0.949	-0.660	-11.830	-12.247
14.025	21.061	1.317	-0.262	-0.949	-0.660	-11.828	-12.247
14.047	21.049	1.316	-0.263	-0.949	-0.659	-11.826	-12.247
14.069	21.038	1.316	-0.264	-0.949	-0.659	-11.824	-12.247
14.091	21.027	1.315	-0.264	-0.949	-0.658	-11.822	-12.247
14.113	21.016	1.315	-0.265	-0.949	-0.658	-11.820	-12.247
14.136	21.004	1.314	-0.265	-0.949	-0.657	-11.818	-12.247
14.158	20.993	1.314	-0.266	-0.949	-0.656	-11.817	-12.247
14.180	20.982	1.313	-0.267	-0.949	-0.656	-11.815	-12.247
14.202	20.971	1.313	-0.267	-0.949	-0.655	-11.813	-12.247
14.224	20.959	1.312	-0.268	-0.949	-0.655	-11.811	-12.247
14.246	20.948	1.312	-0.268	-0.949	-0.654	-11.809	-12.247
14.268	20.937	1.311	-0.269	-0.949	-0.654	-11.807	-12.247
14.291	20.926	1.310	-0.270	-0.949	-0.653	-11.805	-12.247
14.313	20.915	1.310	-0.270	-0.949	-0.653	-11.803	-12.247
14.335	20.903	1.309	-0.271	-0.949	-0.652	-11.801	-12.247
14.357	20.892	1.309	-0.271	-0.949	-0.652	-11.799	-12.247
14.379	20.881	1.308	-0.272	-0.949	-0.651	-11.797	-12.247
14.401	20.870	1.308	-0.273	-0.949	-0.650	-11.795	-12.247
14.424	20.859	1.307	-0.273	-0.949	-0.650	-11.793	-12.247
14.446	20.848	1.307	-0.274	-0.949	-0.649	-11.791	-12.247
14.468	20.837	1.306	-0.274	-0.949	-0.649	-11.789	-12.247
14.490	20.825	1.306	-0.275	-0.949	-0.648	-11.787	-12.247
14.512	20.814	1.305	-0.276	-0.949	-0.648	-11.785	-12.247
14.534	20.803	1.305	-0.276	-0.949	-0.647	-11.783	-12.247
14.557	20.792	1.304	-0.277	-0.949	-0.647	-11.781	-12.247
14.579	20.781	1.303	-0.277	-0.949	-0.646	-11.779	-12.247
14.601	20.770	1.303	-0.278	-0.949	-0.646	-11.777	-12.247
14.623	20.759	1.302	-0.279	-0.949	-0.645	-11.775	-12.247
14.645	20.748	1.302	-0.279	-0.949	-0.644	-11.773	-12.247
14.667	20.737	1.301	-0.280	-0.949	-0.644	-11.771	-12.247
14.690	20.726	1.301	-0.281	-0.949	-0.643	-11.769	-12.247
14.712	20.715	1.300	-0.281	-0.949	-0.643	-11.767	-12.247
14.734	20.704	1.300	-0.282	-0.949	-0.642	-11.764	-12.247
14.756	20.693	1.299	-0.282	-0.949	-0.642	-11.762	-12.247
14.778	20.682	1.298	-0.283	-0.949	-0.641	-11.760	-12.247
14.801	20.671	1.298	-0.284	-0.949	-0.640	-11.758	-12.247
14.823	20.660	1.297	-0.284	-0.949	-0.640	-11.756	-12.247
14.845	20.649	1.297	-0.285	-0.949	-0.639	-11.754	-12.247
14.867	20.638	1.296	-0.285	-0.949	-0.639	-11.752	-12.247
14.889	20.627	1.296	-0.286	-0.949	-0.638	-11.750	-12.247
14.912	20.616	1.295	-0.287	-0.949	-0.638	-11.747	-12.247
14.934	20.606	1.295	-0.287	-0.949	-0.637	-11.745	-12.247
14.956	20.595	1.294	-0.288	-0.949	-0.637	-11.743	-12.247
14.978	20.584	1.294	-0.289	-0.949	-0.636	-11.741	-12.247
15.000	20.573	1.293	-0.289	-0.949	-0.635	-11.739	-12.247
15.023	20.562	1.292	-0.290	-0.949	-0.635	-11.737	-12.247
15.045	20.551	1.292	-0.290	-0.949	-0.634	-11.734	-12.247
15.067	20.540	1.291	-0.291	-0.949	-0.634	-11.732	-12.247
15.089	20.530	1.291	-0.292	-0.949	-0.633	-11.730	-12.247
15.111	20.519	1.290	-0.292	-0.949	-0.633	-11.728	-12.247
15.134	20.508	1.290	-0.293	-0.949	-0.632	-11.726	-12.247
15.156	20.497	1.289	-0.294	-0.949	-0.631	-11.723	-12.247
15.178	20.486	1.289	-0.294	-0.949	-0.631	-11.721	-12.247
15.200	20.476	1.288	-0.295	-0.949	-0.630	-11.719	-12.247
15.223	20.465	1.287	-0.296	-0.949	-0.630	-11.717	-12.247
15.245	20.454	1.287	-0.296	-0.949	-0.629	-11.714	-12.247
15.267	20.443	1.286	-0.297	-0.949	-0.628	-11.712	-12.247
15.289	20.433	1.286	-0.297	-0.949	-0.628	-11.710	-12.247
15.312	20.422	1.285	-0.298	-0.949	-0.627	-11.707	-12.247
15.334	20.411	1.285	-0.299	-0.949	-0.627	-11.705	-12.247
15.356	20.401	1.284	-0.299	-0.949	-0.626	-11.703	-12.247
15.378	20.390	1.283	-0.300	-0.949	-0.625	-11.701	-12.247
15.401	20.379	1.283	-0.301	-0.949	-0.625	-11.698	-12.247
15.423	20.369	1.282	-0.301	-0.949	-0.624	-11.696	-12.247
15.445	20.358	1.282	-0.302	-0.949	-0.624	-11.694	-12.247
15.467	20.347	1.281	-0.303	-0.949	-0.623	-11.691	-12.247
15.490	20.337	1.281	-0.303	-0.949	-0.623	-11.689	-12.247
15.512	20.326	1.280	-0.304	-0.949	-0.622	-11.686	-12.247
15.534	20.316	1.280	-0.304	-0.949	-0.621	-11.684	-12.247
15.556	20.305	1.279	-0.305	-0.949	-0.621	-11.682	-12.247
15.579	20.294	1.278	-0.306	-0.949	-0.620	-11.679	-12.247
15.601	20.284	1.278	-0.306	-0.949	-0.620	-11.677	-12.247
15.623	20.273	1.277	-0.307	-0.949	-0.619	-11.675	-12.247
15.645	20.263	1.277	-0.308	-0.949	-0.618	-11.672	-12.247
15.668	20.252	1.276	-0.308	-0.949	-0.618	-11.670	-12.247
15.690	20.242	1.276	-0.309	-0.949	-0.617	-11.667	-12.247
15.712	20.231	1.275	-0.310	-0.949	-0.617	-11.665	-12.247
15.735	20.221	1.274	-0.310	-0.949	-0.616	-11.662	-12.247
15.757	20.210	1.274	-0.311	-0.949	-0.615	-11.660	-12.247
15.779	20.200	1.273	-0.312	-0.949	-0.615	-11.657	-12.247
15.801	20.189	1.273	-0.312	-0.949	-0.614	-11.655	-12.247
15.824	20.179	1.272	-0.313	-0.949	-0.613	-11.653	-12.247
15.846	20.168	1.272	-0.314	-0.949	-0.613	-11.650	-12.247
15.868	20.158	1.271	-0.314	-0.949	-0.612	-11.648	-12.247
15.891	20.148	1.270	-0.315	-0.949	-0.612	-11.645	-12.247
15.913	20.137	1.270	-0.316	-0.949	-0.611	-11.643	-12.247
15.935	20.127	1.269	-0.316	-0.949	-0.610	-11.640	-12.247
15.957	20.116	1.269	-0.317	-0.949	-0.610	-11.637	-12.247
15.980	20.106	1.268	-0.318	-0.949	-0.609	-11.635	-12.247
16.002	20.096	1.268	-0.318	-0.949	-0.609	-11.632	-12.247
16.024	20.085	1.267	-0.319	-0.949	-0.608	-11.630	-12.247
16.047	20.075	1.266	-0.320	-0.949	-0.607	-11.627	-12.247
16.069	20.065	1.266	-0.320	-0.949	-0.607	-11.625	-12.247
16.091	20.054	1.265	-0.321	-0.949	-0.606	-11.622	-12.247
16.114	20.044	1.265	-0.322	-0.949	-0.605	-11.620	-12.247
16.136	20.034	1.264	-0.322	-0.949	-0.605	-11.617	-12.247
16.158	20.023	1.263	-0.323	-0.949	-0.604	-11.614	-12.247
16.180	20.013	1.263	-0.324	-0.949	-0.604	-11.612	-12.247
16.203	20.003	1.262	-0.324	-0.949	-0.603	-11.609	-12.247
16.225	19.993	1.262	-0.325	-0.949	-0.602	-11.606	-12.247
16.247	19.982	1.261	-0.326	-0.949	-0.602	-11.604	-12.247
16.270	19.972	1.261	-0.326	-0.949	-0.601	-11.601	-12.247
16.292	19.962	1.260	-0.327	-0.949	-0.600	-11.598	-12.247
16.314	19.952	1.259	-0.328	-0.949	-0.600	-11.596	-12.247
16.337	19.942	1.259	-0.328	-0.949	-0.599	-11.593	-12.247
16.359	19.931	1.258	-0.329	-0.949	-0.599	-11.590	-12.247
16.381	19.921	1.258	-0.330	-0.949	-0.598	-11.588	-12.247
16.404	19.911	1.257	-0.330	-0.949	-0.597	-11.585	-12.247
16.426	19.901	1.256	-0.331	-0.949	-0.597	-11.582	-12.247
16.448	19.891	1.256	-0.332	-0.949	-0.596	-11.580	-12.247
16.471	19.881	1.255	-0.332	-0.949	-0.595	-11.577	-12.247
16.493	19.871	1.255	-0.333	-0.949	-0.595	-11.574	-12.247
16.516	19.861	1.254	-0.334	-0.949	-0.594	-11.571	-12.247
16.538	19.850	1.254	-0.335	-0.949	-0.593	-11.569	-12.247
16.560	19.840	1.253	-0.335	-0.949	-0.593	-11.566	-12.247
16.583	19.830	1.252	-0.336	-0.949	-0.592	-11.563	-12.247
16.605	19.820	1.252	-0.337	-0.949	-0.591	-11.560	-12.247
16.627	19.810	1.251	-0.337	-0.949	-0.591	-11.557	-12.247
16.650	19.800	1.251	-0.338	-0.949	-0.590	-11.555	-12.247
16.672	19.790	1.250	-0.339	-0.949	-0.589	-11.552	-12.247
16.694	19.780	1.249	-0.339	-0.949	-0.589	-11.549	-12.247
16.717	19.770	1.249	-0.340	-0.949	-0.588	-11.546	-12.247
16.739	19.760	1.248	-0.341	-0.949	-0.588	-11.543	-12.247
16.761	19.750	1.248	-0.341	-0.949	-0.587	-11.540	-12.247
16.784	19.740	1.247	-0.342	-0.949	-0.586	-11.538	-12.247
16.806	19.730	1.246	-0.343	-0.949	-0.586	-11.535	-12.247
16.829	19.721	1.246	-0.344	-0.949	-0.585	-11.532	-12.247
16.851	19.711	1.245	-0.344	-0.949	-0.584	-11.529	-12.247
16.873	19.701	1.245	-0.345	-0.949	-0.584	-11.526	-12.247
16.896	19.691	1.244	-0.346	-0.949	-0.583	-11.523	-12.247
16.918	19.681	1.244	-0.346	-0.949	-0.582	-11.520	-12.247
16.941	19.671	1.243	-0.347	-0.949	-0.582	-11.517	-12.247
16.963	19.661	1.242	-0.348	-0.949	-0.581	-11.514	-12.247
16.985	19.651	1.242	-0.348	-0.949	-0.580	-11.511	-12.247
17.008	19.642	1.241	-0.349	-0.949	-0.580	-11.508	-12.247
17.030	19.632	1.241	-0.350	-0.949	-0.579	-11.505	-12.247
17.052	19.622	1.240	-0.351	-0.949	-0.578	-11.502	-12.247
17.075	19.612	1.239	-0.351	-0.949	-0.578	-11.499	-12.247
17.097	19.602	1.239	-0.352	-0.949	-0.577	-11.496	-12.247
17.120	19.593	1.238	-0.353	-0.949	-0.576	-11.493	-12.247
17.142	19.583	1.238	-0.353	-0.949	-0.576	-11.490	-12.247
17.165	19.573	1.237	-0.354	-0.949	-0.575	-11.487	-12.247
17.187	19.563	1.236	-0.355	-0.949	-0.574	-11.484	-12.247
17.209	19.554	1.236	-0.356	-0.949	-0.574	-11.481	-12.247
17.232	19.544	1.235	-0.356	-0.949	-0.573	-11.478	-12.247
17.254	19.534	1.235	-0.357	-0.949	-0.572	-11.475	-12.247
17.277	19.525	1.234	-0.358	-0.949	-0.571	-11.472	-12.247
17.299	19.515	1.233	-0.359	-0.949	-0.571	-11.469	-12.247
17.321	19.505	1.233	-0.359	-0.949	-0.570	-11.466	-12.247
17.344	19.496	1.232	-0.360	-0.949	-0.569	-11.463	-12.247
17.366	19.486	1.232	-0.361	-0.949	-0.569	-11.459	-12.247
17.389	19.476	1.231	-0.361	-0.949	-0.568	-11.456	-12.247
17.411	19.467	1.230	-0.362	-0.949	-0.567	-11.453	-12.247
17.434	19.457	1.230	-0.363	-0.949	-0.567	-11.450	-12.247
17.456	19.448	1.229	-0.364	-0.949	-0.566	-11.447	-12.247
17.478	19.438	1.229	-0.364	-0.949	-0.565	-11.444	-12.247
17.501	19.428	1.228	-0.365	-0.949	-0.565	-11.440	-12.247
17.523	19.419	1.227	-0.366	-0.949	-0.564	-11.437	-12.247
17.546	19.409	1.227	-0.367	-0.949	-0.563	-11.434	-12.247
17.568	19.400	1.226	-0.367	-0.949	-0.563	-11.431	-12.247
17.591	19.390	1.225	-0.368	-0.949	-0.562	-11.428	-12.247
17.613	19.381	1.225	-0.369	-0.949	-0.561	-11.424	-12.247
17.636	19.371	1.224	-0.369	-0.949	-0.560	-11.421	-12.247
17.658	19.362	1.224	-0.370	-0.949	-0.560	-11.418	-12.247
17.680	19.352	1.223	-0.371	-0.949	-0.559	-11.415	-12.247
17.703	19.343	1.222	-0.372	-0.949	-0.558	-11.411	-12.247
17.725	19.334	1.222	-0.372	-0.949	-0.558	-11.408	-12.247
17.748	19.324	1.221	-0.373	-0.949	-0.557	-11.405	-12.247
17.770	19.315	1.221	-0.374	-0.949	-0.556	-11.401	-12.247
17.793	19.305	1.220	-0.375	-0.949	-0.556	-11.398	-12.247
17.815	19.296	1.219	-0.375	-0.949	-0.555	-11.395	-12.247
17.838	19.287	1.219	-0.376	-0.949	-0.554	-11.391	-12.247
17.860	19.277	1.218	-0.377	-0.949	-0.553	-11.388	-12.247
17.883	19.268	1.218	-0.378	-0.949	-0.553	-11.384	-12.247
17.905	19.259	1.217	-0.378	-0.949	-0.552	-11.381	-12.247
17.928	19.249	1.216	-0.379	-0.949	-0.551	-11.378	-12.247
17.950	19.240	1.216	-0.380	-0.949	-0.551	-11.374	-12.247
17.973	19.231	1.215	-0.381	-0.949	-0.550	-11.371	-12.247
17.995	19.221	1.214	-0.381	-0.949	-0.549	-11.367	-12.247
18.017	19.212	1.214	-0.382	-0.949	-0.548	-11.364	-12.247
18.040	19.203	1.213	-0.383	-0.949	-0.548	-11.361	-12.247
18.062	19.194	1.213	-0.384	-0.949	-0.547	-11.357	-12.247
18.085	19.184	1.212	-0.384	-0.949	-0.546	-11.354	-12.247
18.107	19.175	1.211	-0.385	-0.949	-0.546	-11.350	-12.247
18.130	19.166	1.211	-0.386	-0.949	-0.545	-11.347	-12.247
18.152	19.157	1.210	-0.387	-0.949	-0.544	-11.343	-12.247
18.175	19.148	1.210	-0.387	-0.949	-0.543	-11.340	-12.247
18.197	19.139	1.209	-0.388	-0.949	-0.543	-11.336	-12.247
18.220	19.129	1.208	-0.389	-0.949	-0.542	-11.332	-12.247
18.242	19.120	1.208	-0.390	-0.949	-0.541	-11.329	-12.247
18.265	19.111	1.207	-0.391	-0.949	-0.540	-11.325	-12.247
18.287	19.102	1.206	-0.391	-0.949	-0.540	-11.322	-12.247
18.310	19.093	1.206	-0.392	-0.949	-0.539	-11.318	-12.247
18.332	19.084	1.205	-0.393	-0.949	-0.538	-11.315	-12.247
18.355	19.075	1.205	-0.394	-0.949	-0.537	-11.311	-12.247
18.377	19.066	1.204	-0.394	-0.949	-0.537	-11.307	-12.247
18.400	19.057	1.203	-0.395	-0.949	-0.536	-11.304	-12.247
18.423	19.048	1.203	-0.396	-0.949	-0.535	-11.300	-12.247
18.445	19.039	1.202	-0.397	-0.949	-0.535	-11.296	-12.247
18.468	19.030	1.201	-0.397	-0.949	-0.534	-11.293	-12.247
18.490	19.021	1.201	-0.398	-0.949	-0.533	-11.289	-12.247
18.513	19.012	1.200	-0.399	-0.949	-0.532	-11.285	-12.247
18.535	19.003	1.200	-0.400	-0.949	-0.532	-11.281	-12.247
18.558	18.994	1.199	-0.401	-0.949	-0.531	-11.278	-12.247
18.580	18.985	1.198	-0.401	-0.949	-0.530	-11.274	-12.247
18.603	18.976	1.198	-0.402	-0.949	-0.529	-11.270	-12.247
18.625	18.967	1.197	-0.403	-0.949	-0.529	-11.267	-12.247
18.648	18.958	1.196	-0.404	-0.949	-0.528	-11.263	-12.247
18.670	18.949	1.196	-0.405	-0.949	-0.527	-11.259	-12.247
18.693	18.940	1.195	-0.405	-0.949	-0.526	-11.255	-12.247
18.715	18.932	1.195	-0.406	-0.949	-0.526	-11.251	-12.247
18.738	18.923	1.194	-0.407	-0.949	-0.525	-11.247	-12.247
18.761	18.914	1.193	-0.408	-0.949	-0.524	-11.244	-12.247
18.783	18.905	1.193	-0.408	-0.949	-0.523	-11.240	-12.247
18.806	18.896	1.192	-0.409	-0.949	-0.523	-11.236	-12.247
18.828	18.888	1.191	-0.410	-0.949	-0.522	-11.232	-12.247
18.851	18.879	1.191	-0.411	-0.949	-0.521	-11.228	-12.247
18.873	18.870	1.190	-0.412	-0.949	-0.520	-11.224	-12.247
18.896	18.861	1.190	-0.412	-0.949	-0.519	-11.220	-12.247
18.918	18.853	1.189	-0.413	-0.949	-0.519	-11.216	-12.247
18.941	18.844	1.188	-0.414	-0.949	-0.518	-11.212	-12.247
18.964	18.835	1.188	-0.415	-0.949	-0.517	-11.208	-12.247
18.986	18.826	1.187	-0.416	-0.949	-0.516	-11.205	-12.247
19.009	18.818	1.186	-0.416	-0.949	-0.516	-11.201	-12.247
19.031	18.809	1.186	-0.417	-0.949	-0.515	-11.197	-12.247
19.054	18.800	1.185	-0.418	-0.949	-0.514	-11.193	-12.247
19.076	18.792	1.184	-0.419	-0.949	-0.513	-11.189	-12.247
19.099	18.783	1.184	-0.420	-0.949	-0.513	-11.184	-12.247
19.122	18.775	1.183	-0.421	-0.949	-0.512	-11.180	-12.247
19.144	18.766	1.183	-0.421	-0.949	-0.511	-11.176	-12.247
19.167	18.757	1.182	-0.422	-0.949	-0.510	-11.172	-12.247
19.189	18.749	1.181	-0.423	-0.949	-0.509	-11.168	-12.247
19.212	18.740	1.181	-0.424	-0.949	-0.509	-11.164	-12.247
19.235	18.732	1.180	-0.425	-0.949	-0.508	-11.160	-12.247
19.257	18.723	1.179	-0.425	-0.949	-0.507	-11.156	-12.247
19.280	18.715	1.179	-0.426	-0.949	-0.506	-11.152	-12.247
19.302	18.706	1.178	-0.427	-0.949	-0.506	-11.148	-12.247
19.325	18.698	1.177	-0.428	-0.949	-0.505	-11.143	-12.247
19.348	18.689	1.177	-0.429	-0.949	-0.504	-11.139	-12.247
19.370	18.681	1.176	-0.430	-0.949	-0.503	-11.135	-12.247
19.393	18.672	1.176	-0.430	-0.949	-0.502	-11.131	-12.247
19.415	18.664	1.175	-0.431	-0.949	-0.502	-11.127	-12.247
19.438	18.656	1.174	-0.432	-0.949	-0.501	-11.122	-12.247
19.461	18.647	1.174	-0.433	-0.949	-0.500	-11.118	-12.247
19.483	18.639	1.173	-0.434	-0.949	-0.499	-11.114	-12.247
19.506	18.630	1.172	-0.434	-0.949	-0.498	-11.110	-12.247
19.528	18.622	1.172	-0.435	-0.949	-0.498	-11.105	-12.247
19.551	18.614	1.171	-0.436	-0.949	-0.497	-11.101	-12.247
19.574	18.605	1.170	-0.437	-0.949	-0.496	-11.097	-12.247
19.596	18.597	1.170	-0.438	-0.949	-0.495	-11.092	-12.247
19.619	18.589	1.169	-0.439	-0.949	-0.494	-11.088	-12.247
19.642	18.580	1.169	-0.439	-0.949	-0.494	-11.084	-12.247
19.664	18.572	1.168	-0.440	-0.949	-0.493	-11.079	-12.247
19.687	18.564	1.167	-0.441	-0.949	-0.492	-11.075	-12.247
19.709	18.556	1.167	-0.442	-0.949	-0.491	-11.070	-12.247
19.732	18.547	1.166	-0.443	-0.949	-0.490	-11.066	-12.247
19.755	18.539	1.165	-0.444	-0.949	-0.490	-11.062	-12.247
19.777	18.531	1.165	-0.445	-0.949	-0.489	-11.057	-12.247
19.800	18.523	1.164	-0.445	-0.949	-0.488	-11.053	-12.247
19.823	18.515	1.163	-0.446	-0.949	-0.487	-11.048	-12.247
19.845	18.507	1.163	-0.447	-0.949	-0.486	-11.044	-12.247
19.868	18.498	1.162	-0.448	-0.949	-0.486	-11.039	-12.247
19.891	18.490	1.161	-0.449	-0.949	-0.485	-11.035	-12.247
19.913	18.482	1.161	-0.450	-0.949	-0.484	-11.030	-12.247
19.936	18.474	1.160	-0.450	-0.949	-0.483	-11.026	-12.247
19.958	18.466	1.160	-0.451	-0.949	-0.482	-11.021	-12.247
19.981	18.458	1.159	-0.452	-0.949	-0.481	-11.017	-12.247
20.004	18.450	1.158	-0.453	-0.949	-0.481	-11.012	-12.247
20.026	18.442	1.158	-0.454	-0.949	-0.480	-11.007	-12.247
20.049	18.434	1.157	-0.455	-0.949	-0.479	-11.003	-12.247
20.072	18.426	1.156	-0.456	-0.949	-0.478	-10.998	-12.247
20.094	18.418	1.156	-0.456	-0.949	-0.477	-10.993	-12.247
20.117	18.410	1.155	-0.457	-0.949	-0.476	-10.989	-12.247
20.140	18.402	1.154	-0.458	-0.949	-0.476	-10.984	-12.247
20.162	18.394	1.154	-0.459	-0.949	-0.475	-10.979	-12.247
20.185	18.386	1.153	-0.460	-0.949	-0.474	-10.975	-12.247
20.208	18.378	1.152	-0.461	-0.949	-0.473	-10.970	-12.247
20.230	18.370	1.152	-0.462	-0.949	-0.472	-10.965	-12.247
20.253	18.362	1.151	-0.463	-0.949	-0.472	-10.961	-12.247
20.276	18.354	1.150	-0.463	-0.949	-0.471	-10.956	-12.247
20.299	18.346	1.150	-0.464	-0.949	-0.470	-10.951	-12.247
20.321	18.339	1.149	-0.465	-0.949	-0.469	-10.946	-12.247
20.344	18.331	1.148	-0.466	-0.949	-0.468	-10.941	-12.247
20.367	18.323	1.148	-0.467	-0.949	-0.467	-10.937	-12.247
20.389	18.315	1.147	-0.468	-0.949	-0.466	-10.932	-12.247
20.412	18.307	1.147	-0.469	-0.949	-0.466	-10.927	-12.247
20.435	18.300	1.146	-0.470	-0.949	-0.465	-10.922	-12.247
20.457	18.292	1.145	-0.470	-0.949	-0.464	-10.917	-12.247
20.480	18.284	1.145	-0.471	-0.949	-0.463	-10.912	-12.247
20.503	18.276	1.144	-0.472	-0.949	-0.462	-10.907	-12.247
20.525	18.269	1.143	-0.473	-0.949	-0.461	-10.902	-12.247
20.548	18.261	1.143	-0.474	-0.949	-0.461	-10.897	-12.247
20.571	18.253	1.142	-0.475	-0.949	-0.460	-10.892	-12.247
20.594	18.245	1.141	-0.476	-0.949	-0.459	-10.887	-12.247
20.616	18.238	1.141	-0.477	-0.949	-0.458	-10.882	-12.247
20.639	18.230	1.140	-0.478	-0.949	-0.457	-10.877	-12.247
20.662	18.223	1.139	-0.478	-0.949	-0.456	-10.872	-12.247
20.684	18.215	1.139	-0.479	-0.949	-0.455	-10.867	-12.247
20.707	18.207	1.138	-0.480	-0.949	-0.455	-10.862	-12.247
20.730	18.200	1.137	-0.481	-0.949	-0.454	-10.857	-12.247
20.753	18.192	1.137	-0.482	-0.949	-0.453	-10.852	-12.247
20.775	18.185	1.136	-0.483	-0.949	-0.452	-10.847	-12.247
20.798	18.177	1.135	-0.484	-0.949	-0.451	-10.842	-12.247
20.821	18.170	1.135	-0.485	-0.949	-0.450	-10.837	-12.247
20.843	18.162	1.134	-0.486	-0.949	-0.449	-10.831	-12.247
20.866	18.155	1.133	-0.487	-0.949	-0.449	-10.826	-12.247
20.889	18.147	1.133	-0.487	-0.949	-0.448	-10.821	-12.247
20.912	18.140	1.132	-0.488	-0.949	-0.447	-10.816	-12.247
20.934	18.132	1.131	-0.489	-0.949	-0.446	-10.811	-12.247
20.957	18.125	1.131	-0.490	-0.949	-0.445	-10.805	-12.247
20.980	18.117	1.130	-0.491	-0.949	-0.444	-10.800	-12.247
21.003	18.110	1.129	-0.492	-0.949	-0.443	-10.795	-12.247
21.025	18.103	1.129	-0.493	-0.949	-0.442	-10.790	-12.247
21.048	18.095	1.128	-0.494	-0.949	-0.442	-10.784	-12.247
21.071	18.088	1.128	-0.495	-0.949	-0.441	-10.779	-12.247
21.094	18.080	1.127	-0.496	-0.949	-0.440	-10.774	-12.247
21.116	18.073	1.126	-0.497	-0.949	-0.439	-10.768	-12.247
21.139	18.066	1.126	-0.497	-0.949	-0.438	-10.763	-12.247
21.162	18.058	1.125	-0.498	-0.949	-0.437	-10.757	-12.247
21.185	18.051	1.124	-0.499	-0.949	-0.436	-10.752	-12.247
21.207	18.044	1.124	-0.500	-0.949	-0.435	-10.747	-12.247
21.230	18.037	1.123	-0.501	-0.949	-0.435	-10.741	-12.247
21.253	18.029	1.122	-0.502	-0.949	-0.434	-10.736	-12.247
21.276	18.022	1.122	-0.503	-0.949	-0.433	-10.730	-12.247
21.298	18.015	1.121	-0.504	-0.949	-0.432	-10.725	-12.247
21.321	18.008	1.120	-0.505	-0.949	-0.431	-10.719	-12.247
21.344	18.001	1.120	-0.506	-0.949	-0.430	-10.714	-12.247
21.367	17.993	1.119	-0.507	-0.949	-0.429	-10.708	-12.247
21.389	17.986	1.118	-0.508	-0.949	-0.428	-10.703	-12.247
21.412	17.979	1.118	-0.509	-0.949	-0.427	-10.697	-12.247
21.435	17.972	1.117	-0.510	-0.949	-0.426	-10.691	-12.247
21.458	17.965	1.116	-0.511	-0.949	-0.426	-10.686	-12.247
21.481	17.958	1.116	-0.511	-0.949	-0.425	-10.680	-12.247
21.503	17.951	1.115	-0.512	-0.949	-0.424	-10.675	-12.247
21.526	17.944	1.114	-0.513	-0.949	-0.423	-10.669	-12.247
21.549	17.937	1.114	-0.514	-0.949	-0.422	-10.663	-12.247
21.572	17.930	1.113	-0.515	-0.949	-0.421	-10.657	-12.247
21.594	17.923	1.112	-0.516	-0.949	-0.420	-10.652	-12.247
21.617	17.916	1.112	-0.517	-0.949	-0.419	-10.646	-12.247
21.640	17.909	1.111	-0.518	-0.949	-0.418	-10.640	-12.247
21.663	17.902	1.110	-0.519	-0.949	-0.417	-10.634	-12.247
21.686	17.895	1.110	-0.520	-0.949	-0.417	-10.629	-12.247
21.708	17.888	1.109	-0.521	-0.949	-0.416	-10.623	-12.247
21.731	17.881	1.108	-0.522	-0.949	-0.415	-10.617	-12.247
21.754	17.874	1.108	-0.523	-0.949	-0.414	-10.611	-12.247
21.777	17.867	1.107	-0.524	-0.949	-0.413	-10.605	-12.247
21.800	17.860	1.106	-0.525	-0.949	-0.412	-10.599	-12.247
21.822	17.854	1.106	-0.526	-0.949	-0.411	-10.593	-12.247
21.845	17.847	1.105	-0.527	-0.949	-0.410	-10.588	-12.247
